2.000000000000000000e+04 1.800000000000000000e+04 5.000000000000000000e+02
2.000000000000000000e+04 2.100000000000000000e+04 5.000000000000000000e+02
2.000000000000000000e+04 2.400000000000000000e+04 5.000000000000000000e+02
2.000000000000000000e+04 2.700000000000000000e+04 5.000000000000000000e+02
2.000000000000000000e+04 3.000000000000000000e+04 5.000000000000000000e+02
2.000000000000000000e+04 3.300000000000000000e+04 5.000000000000000000e+02
2.500000000000000000e+04 1.800000000000000000e+04 5.000000000000000000e+02
2.500000000000000000e+04 2.100000000000000000e+04 5.000000000000000000e+02
2.500000000000000000e+04 2.400000000000000000e+04 5.000000000000000000e+02
2.500000000000000000e+04 2.700000000000000000e+04 5.000000000000000000e+02
2.500000000000000000e+04 3.000000000000000000e+04 5.000000000000000000e+02
2.500000000000000000e+04 3.300000000000000000e+04 5.000000000000000000e+02
3.000000000000000000e+04 1.800000000000000000e+04 5.000000000000000000e+02
3.000000000000000000e+04 2.100000000000000000e+04 5.000000000000000000e+02
3.000000000000000000e+04 2.400000000000000000e+04 5.000000000000000000e+02
3.000000000000000000e+04 2.700000000000000000e+04 5.000000000000000000e+02
3.000000000000000000e+04 3.000000000000000000e+04 5.000000000000000000e+02
3.000000000000000000e+04 3.300000000000000000e+04 5.000000000000000000e+02
3.500000000000000000e+04 1.800000000000000000e+04 5.000000000000000000e+02
3.500000000000000000e+04 2.100000000000000000e+04 5.000000000000000000e+02
3.500000000000000000e+04 2.400000000000000000e+04 5.000000000000000000e+02
3.500000000000000000e+04 2.700000000000000000e+04 5.000000000000000000e+02
3.500000000000000000e+04 3.000000000000000000e+04 5.000000000000000000e+02
3.500000000000000000e+04 3.300000000000000000e+04 5.000000000000000000e+02
4.000000000000000000e+04 1.800000000000000000e+04 5.000000000000000000e+02
4.000000000000000000e+04 2.100000000000000000e+04 5.000000000000000000e+02
4.000000000000000000e+04 2.400000000000000000e+04 5.000000000000000000e+02
4.000000000000000000e+04 2.700000000000000000e+04 5.000000000000000000e+02
4.000000000000000000e+04 3.000000000000000000e+04 5.000000000000000000e+02
4.000000000000000000e+04 3.300000000000000000e+04 5.000000000000000000e+02
4.500000000000000000e+04 1.800000000000000000e+04 5.000000000000000000e+02
4.500000000000000000e+04 2.100000000000000000e+04 5.000000000000000000e+02
4.500000000000000000e+04 2.400000000000000000e+04 5.000000000000000000e+02
4.500000000000000000e+04 2.700000000000000000e+04 5.000000000000000000e+02
4.500000000000000000e+04 3.000000000000000000e+04 5.000000000000000000e+02
4.500000000000000000e+04 3.300000000000000000e+04 5.000000000000000000e+02
5.000000000000000000e+04 1.800000000000000000e+04 5.000000000000000000e+02
5.000000000000000000e+04 2.100000000000000000e+04 5.000000000000000000e+02
5.000000000000000000e+04 2.400000000000000000e+04 5.000000000000000000e+02
5.000000000000000000e+04 2.700000000000000000e+04 5.000000000000000000e+02
5.000000000000000000e+04 3.000000000000000000e+04 5.000000000000000000e+02
5.000000000000000000e+04 3.300000000000000000e+04 5.000000000000000000e+02
5.500000000000000000e+04 1.800000000000000000e+04 5.000000000000000000e+02
5.500000000000000000e+04 2.100000000000000000e+04 5.000000000000000000e+02
5.500000000000000000e+04 2.400000000000000000e+04 5.000000000000000000e+02
5.500000000000000000e+04 2.700000000000000000e+04 5.000000000000000000e+02
5.500000000000000000e+04 3.000000000000000000e+04 5.000000000000000000e+02
5.500000000000000000e+04 3.300000000000000000e+04 5.000000000000000000e+02
6.000000000000000000e+04 1.800000000000000000e+04 5.000000000000000000e+02
6.000000000000000000e+04 2.100000000000000000e+04 5.000000000000000000e+02
6.000000000000000000e+04 2.400000000000000000e+04 5.000000000000000000e+02
6.000000000000000000e+04 2.700000000000000000e+04 5.000000000000000000e+02
6.000000000000000000e+04 3.000000000000000000e+04 5.000000000000000000e+02
6.000000000000000000e+04 3.300000000000000000e+04 5.000000000000000000e+02
6.500000000000000000e+04 1.800000000000000000e+04 5.000000000000000000e+02
6.500000000000000000e+04 2.100000000000000000e+04 5.000000000000000000e+02
6.500000000000000000e+04 2.400000000000000000e+04 5.000000000000000000e+02
6.500000000000000000e+04 2.700000000000000000e+04 5.000000000000000000e+02
6.500000000000000000e+04 3.000000000000000000e+04 5.000000000000000000e+02
6.500000000000000000e+04 3.300000000000000000e+04 5.000000000000000000e+02
7.000000000000000000e+04 1.800000000000000000e+04 5.000000000000000000e+02
7.000000000000000000e+04 2.100000000000000000e+04 5.000000000000000000e+02
7.000000000000000000e+04 2.400000000000000000e+04 5.000000000000000000e+02
7.000000000000000000e+04 2.700000000000000000e+04 5.000000000000000000e+02
7.000000000000000000e+04 3.000000000000000000e+04 5.000000000000000000e+02
7.000000000000000000e+04 3.300000000000000000e+04 5.000000000000000000e+02
7.500000000000000000e+04 1.800000000000000000e+04 5.000000000000000000e+02
7.500000000000000000e+04 2.100000000000000000e+04 5.000000000000000000e+02
7.500000000000000000e+04 2.400000000000000000e+04 5.000000000000000000e+02
7.500000000000000000e+04 2.700000000000000000e+04 5.000000000000000000e+02
7.500000000000000000e+04 3.000000000000000000e+04 5.000000000000000000e+02
7.500000000000000000e+04 3.300000000000000000e+04 5.000000000000000000e+02
8.000000000000000000e+04 1.800000000000000000e+04 5.000000000000000000e+02
8.000000000000000000e+04 2.100000000000000000e+04 5.000000000000000000e+02
8.000000000000000000e+04 2.400000000000000000e+04 5.000000000000000000e+02
8.000000000000000000e+04 2.700000000000000000e+04 5.000000000000000000e+02
8.000000000000000000e+04 3.000000000000000000e+04 5.000000000000000000e+02
8.000000000000000000e+04 3.300000000000000000e+04 5.000000000000000000e+02
